0,0
1.55038759689923e-05,0.00484258435045341
3.10077519379846e-05,0.0112085189866506
4.65116279069769e-05,0.0176501644788364
6.20155038759691e-05,0.0241622314251374
7.75193798449615e-05,0.0307307858183254
9.30232558139537e-05,0.0373420096380622
0.000108527131782946,0.0439822490793382
0.000124031007751938,0.0506299314499179
0.00013953488372093,0.0572785632105734
0.000155038759689923,0.0639032779614954
0.000170542635658915,0.0704888379030635
0.000186046511627908,0.0770183701581652
0.0002015503875969,0.083469953069875
0.000217054263565892,0.0898299392798437
0.000232558139534884,0.0960755804901746
0.000248062015503876,0.102195495187892
0.000263565891472869,0.108172953019048
0.000279069767441861,0.113999054443792
0.000294573643410853,0.119662463133006
0.000310077519379846,0.125154210652796
0.000325581395348838,0.130467123264679
0.00034108527131783,0.135596638351886
0.000356589147286823,0.140543058159998
0.000372093023255815,0.145309548677055
0.000387596899224807,0.149899533271694
0.000403100775193799,0.154320385887695
0.000418604651162791,0.1585823922367
0.000434108527131784,0.162693629827734
0.000449612403100776,0.166669458740086
0.000465116279069769,0.170524571489047
0.000480620155038761,0.174279542006821
0.000496124031007753,0.17795203999118
0.000511627906976745,0.181559675374989
0.000527131782945737,0.185129712334246
0.00054263565891473,0.188679222606155
0.000558139534883723,0.192237155240325
0.000573643410852715,0.195814723138418
0.000589147286821707,0.199437746556045
0.000604651162790699,0.203132110516199
0.000620155038759691,0.20691313659469
0.000635658914728683,0.210797173359024
0.000651162790697675,0.214805594774389
0.000666666666666669,0.218950485321793
0.000682170542635661,0.223247826936406
0.000697674418604653,0.227706404584735
0.000713178294573645,0.232330839838997
0.000728682170542637,0.237131007703468
0.000744186046511629,0.242106333736779
0.000759689922480622,0.247262121811353
0.000775193798449614,0.252595153810009
0.000790697674418607,0.258102672587097
0.000806201550387599,0.263778014823637
0.000821705426356591,0.269609494138142
0.000837209302325583,0.275588327012707
0.000852713178294575,0.281699659630817
0.000868217054263568,0.287931274949485
0.00088372093023256,0.294266643960372
0.000899224806201553,0.300687805722095
0.000914728682170545,0.3071750982049
0.000930232558139537,0.313710043744065
0.000945736434108529,0.32027607157441
0.000961240310077522,0.326850364579589
0.000976744186046514,0.333417289714428
0.000992248062015506,0.339959288532653
0.0010077519379845,0.346457560394573
0.00102325581395349,0.352898838851666
0.00103875968992249,0.359268442125571
0.00105426356589147,0.365549765130245
0.00106976744186046,0.371732698581241
0.00108527131782946,0.37780740985497
0.00110077519379845,0.383765132704574
0.00111627906976745,0.389600709407877
0.00113178294573644,0.395310843310193
0.00114728682170543,0.400893555736931
0.00116279069767442,0.406346589881022
0.00117829457364341,0.411668875935015
0.00119379844961241,0.416873967400881
0.0012093023255814,0.421958264576498
0.00122480620155039,0.426935326442045
0.00124031007751938,0.431808050152918
0.00125581395348837,0.436585033280445
0.00127131782945737,0.441282033545073
0.00128682170542636,0.445906261476136
0.00130232558139536,0.450467361586148
0.00131782945736434,0.454984762938238
0.00133333333333334,0.459461484616106
0.00134883720930233,0.463915849675401
0.00136434108527132,0.468356572314347
0.00137984496124032,0.472795436209518
0.0013953488372093,0.47723715679314
0.0014108527131783,0.481695822475681
0.00142635658914729,0.486175643230696
0.00144186046511628,0.49068594137492
0.00145736434108528,0.495229450539003
0.00147286821705426,0.49981803411009
0.00148837209302326,0.504443531949758
0.00150387596899225,0.509123925135651
0.00151937984496124,0.513850487444893
0.00153488372093024,0.518623904059484
0.00155038759689923,0.523443663488858
0.00156589147286822,0.528304566533103
0.00158139534883721,0.533205812708069
0.00159689922480621,0.538142835148134
0.0016124031007752,0.543113687195068
0.00162790697674419,0.548112408743226
0.00164341085271318,0.553134436047662
0.00165891472868217,0.558176722148132
0.00167441860465117,0.563231561737517
0.00168992248062016,0.568289446459142
0.00170542635658915,0.573350946770606
0.00172093023255815,0.578408720261094
0.00173643410852713,0.583463391731993
0.00175193798449613,0.588508741503366
0.00176744186046512,0.593546136370285
0.00178294573643411,0.598571867612209
0.00179844961240311,0.603583533879505
0.00181395348837209,0.608582185088629
0.00182945736434109,0.613557783481529
0.00184496124031008,0.618523697875839
0.00186046511627908,0.623481878403116
0.00187596899224807,0.628428744532545
0.00189147286821705,0.633373933522934
0.00190697674418605,0.638318174408249
0.00192248062015504,0.643257185285941
0.00193798449612404,0.648202662947409
0.00195348837209303,0.653152838443342
0.00196899224806202,0.658109667000039
0.00198449612403101,0.663079812109273
0.002,0.668065978726299
0.002015503875969,0.673066375907533
0.00203100775193799,0.678087507120897
0.00204651162790699,0.683122606311297
0.00206201550387597,0.688179960074934
0.00207751937984496,0.693253954735696
0.00209302325581396,0.698344148924224
0.00210852713178295,0.703450407409375
0.00212403100775195,0.708567121129765
0.00213953488372094,0.713688082365761
0.00215503875968992,0.718811464206003
0.00217054263565892,0.723927049524519
0.00218604651162791,0.729038037082489
0.00220155038759691,0.734135163446754
0.0022170542635659,0.739210928035759
0.00223255813953488,0.744257733428864
0.00224806201550388,0.74927092080912
0.00226356589147287,0.754241838540086
0.00227906976744187,0.759161306519125
0.00229457364341086,0.764026353501976
0.00231007751937985,0.768828726126916
0.00232558139534884,0.773565512975727
0.00234108527131783,0.778227235257299
0.00235658914728683,0.7828143837086
0.00237209302325582,0.787323413034057
0.00238759689922482,0.791750537908755
0.0024031007751938,0.796093570051747
0.00241860465116279,0.800353854318154
0.00243410852713179,0.804528531751941
0.00244961240310078,0.808620074824735
0.00246511627906978,0.812631126421251
0.00248062015503876,0.816562802695763
0.00249612403100775,0.820420447075763
0.00251162790697675,0.824208539591793
0.00252713178294574,0.827931861080627
0.00254263565891474,0.831592588403285
0.00255813953488373,0.835193742699515
0.00257364341085272,0.838749319935638
0.00258914728682171,0.842258051263203
0.0026046511627907,0.845731784065031
0.0026201550387597,0.849174206376792
0.00263565891472869,0.852591659737988
0.00265116279069768,0.855986899275782
0.00266666666666667,0.859361887015502
0.00268217054263566,0.862723204619391
0.00269767441860466,0.866072444179729
0.00271317829457365,0.869417522471226
0.00272868217054265,0.872757825537976
0.00274418604651163,0.876091389961206
0.00275968992248062,0.87942158521238
0.00277519379844962,0.882739810044577
0.00279069767441861,0.886049265044412
0.00280620155038761,0.889350361276267
0.00282170542635659,0.892637935109747
0.00283720930232559,0.895908625490836
0.00285271317829458,0.89915614445068
0.00286821705426357,0.902372953464292
0.00288372093023257,0.90555466168764
0.00289922480620155,0.908694421039529
0.00291472868217055,0.911783453950495
0.00293023255813954,0.914819734267898
0.00294573643410853,0.917794561502467
0.00296124031007753,0.920705397682487
0.00297674418604652,0.923542028879627
0.00299224806201551,0.926301041836745
0.0030077519379845,0.928973751844304
0.0030232558139535,0.931556537843683
0.00303875968992249,0.934042729592349
0.00305426356589148,0.936424863758235
0.00306976744186047,0.938707174917958
0.00308527131782946,0.940886328957426
0.00310077519379846,0.942959345319144
0.00311627906976745,0.944925447851225
0.00313178294573644,0.946781099737131
0.00314728682170544,0.948529653303455
0.00316279069767442,0.950171402737764
0.00317829457364342,0.951709312052565
0.00319379844961241,0.953149560739595
0.00320930232558141,0.954490838756279
0.0032248062015504,0.955738515211927
0.00324031007751938,0.956894635447172
0.00325581395348838,0.957966142544915
0.00327131782945737,0.958961096966979
0.00328682170542637,0.959882241619249
0.00330232558139536,0.960738535536254
0.00331782945736434,0.961532547274347
0.00333333333333334,0.962275897874486
0.00334883720930233,0.962973287302509
0.00336434108527133,0.963628930572366
0.00337984496124032,0.96425286854987
0.00339534883720931,0.964844563450608
0.0034108527131783,0.965415507856997
0.00342635658914729,0.965966475176175
0.00344186046511629,0.96650365371337
0.00345736434108528,0.967035557011482
0.00347286821705427,0.967565255145617
0.00348837209302326,0.968097161843509
0.00350387596899225,0.968630757687189
0.00351937984496125,0.969168442985378
0.00353488372093024,0.96971287890534
0.00355038759689924,0.970269236935444
0.00356589147286823,0.970834452464872
0.00358139534883721,0.971409942293303
0.00359689922480621,0.971996378243162
0.0036124031007752,0.972591365579981
0.0036279069767442,0.973192506468074
0.00364341085271319,0.973803119523675
0.00365891472868217,0.974417225847921
0.00367441860465117,0.975037845115813
0.00368992248062016,0.975660870564856
0.00370542635658916,0.976285076374328
0.00372093023255815,0.976908827915194
0.00373643410852715,0.977527391321371
0.00375193798449613,0.978138743331405
0.00376744186046512,0.97873550606775
0.00378294573643412,0.979319176392387
0.00379844961240311,0.979889302721744
0.00381395348837211,0.980443256756467
0.00382945736434109,0.980983055086024
0.00384496124031008,0.981503383497347
0.00386046511627908,0.982004300565922
0.00387596899224807,0.982480775423826
0.00389147286821707,0.982931351257747
0.00390697674418606,0.983359134376581
0.00392248062015504,0.983764068300159
0.00393798449612404,0.984147384042371
0.00395348837209303,0.984507694000379
0.00396899224806203,0.984847214936529
0.00398449612403102,0.98516245314167
0.00400000000000001,0.985455349926319
0.004015503875969,0.985731736414473
0.00403100775193799,0.985988174467093
0.00404651162790699,0.986227962938808
0.00406201550387598,0.98645488266141
0.00407751937984497,0.986672510665184
0.00409302325581396,0.986881986384758
0.00410852713178296,0.987077372919792
0.00412403100775195,0.987267897581676
0.00413953488372094,0.987448943069276
0.00415503875968993,0.98762322926986
0.00417054263565892,0.987795767046639
0.00418604651162791,0.987965451201337
0.00420155038759691,0.988134461426674
0.0042170542635659,0.988299365340732
0.0042325581395349,0.988464405260393
0.00424806201550388,0.988626011447481
0.00426356589147288,0.988787886976724
0.00427906976744187,0.988945381438944
0.00429457364341086,0.98910517048418
0.00431007751937986,0.989263027555552
0.00432558139534885,0.989418226507497
0.00434108527131784,0.989570686254423
0.00435658914728683,0.989719603670367
0.00437209302325582,0.989860458379806
0.00438759689922482,0.98999582828714
0.00440310077519381,0.990127540902265
0.0044186046511628,0.990254391318808
0.00443410852713179,0.990377287976223
0.00444961240310079,0.990489425509222
0.00446511627906978,0.990596894243238
0.00448062015503877,0.990695291642561
0.00449612403100776,0.990788998332655
0.00451162790697675,0.990875794153112
0.00452713178294575,0.990960427890546
0.00454263565891474,0.991041732299126
0.00455813953488373,0.991120776900938
0.00457364341085273,0.991205694699522
0.00458914728682171,0.991288559152592
0.00460465116279071,0.991374646549064
0.0046201550387597,0.991464787179954
0.0046356589147287,0.991558910376624
0.00465116279069769,0.991661394315201
0.00466666666666667,0.991771130215684
0.00468217054263567,0.99189286269545
0.00469767441860466,0.99202018355473
0.00471317829457366,0.99215537005907
0.00472868217054265,0.992300881205412
0.00474418604651163,0.992451281769156
0.00475968992248063,0.992610222511824
0.00477519379844962,0.992773092313846
0.00479069767441862,0.992939750146301
0.00480620155038761,0.993103392744775
0.0048217054263566,0.993261741438609
0.00483720930232559,0.993406536789367
0.00485271317829458,0.993535562248038
0.00486821705426358,0.993638025547762
0.00488372093023257,0.993708955646831
0.00489922480620156,0.993741232673738
0.00491472868217055,0.993722616508392
0.00493023255813954,0.993649510319642
0.00494573643410854,0.993513671862063
0.00496124031007753,0.993298841020571
0.00497674418604653,0.993001443113306
0.00499224806201551,0.992607449842175
0.0050077519379845,0.992111895239125
0.0050232558139535,0.991499336908962
0.00503875968992249,0.990768900221007
0.00505426356589149,0.989905930003242
0.00506976744186048,0.988903032991163
0.00508527131782946,0.987753698163981
0.00510077519379846,0.98645089670077
0.00511627906976745,0.984987736348798
0.00513178294573645,0.983367104323889
0.00514728682170544,0.981576591234243
0.00516279069767444,0.979616337627465
0.00517829457364342,0.977487482892477
0.00519379844961241,0.9751867285173
0.00520930232558141,0.972719895407843
0.0052248062015504,0.97008771030761
0.0052403100775194,0.967298351596903
0.00525581395348838,0.964355788855837
0.00527131782945737,0.961266509326454
0.00528682170542637,0.95804109861016
0.00530232558139536,0.954687396740951
0.00531782945736436,0.951217736669179
0.00533333333333334,0.94764305318419
0.00534883720930234,0.943977739893199
0.00536434108527133,0.940230043093168
0.00537984496124032,0.936414868907639
0.00539534883720932,0.932551114967917
0.00541085271317831,0.928646842771301
0.00542635658914729,0.924719176116151
0.00544186046511629,0.920780457840831
0.00545736434108528,0.916841674232171
0.00547286821705428,0.912918631604515
0.00548837209302327,0.909019620977772
0.00550387596899226,0.905157520080316
0.00551937984496125,0.90134536798315
0.00553488372093024,0.897589206580098
0.00555038759689924,0.893895549883392
0.00556589147286823,0.890274486726707
0.00558139534883723,0.886725178819729
0.00559689922480621,0.88325269184466
0.00561240310077521,0.879857416959418
0.0056279069767442,0.876540177083794
0.00564341085271319,0.873295644897541
0.00565891472868219,0.870123129582962
0.00567441860465117,0.86701629468901
0.00568992248062017,0.863969724290893
0.00570542635658916,0.860978072912312
0.00572093023255815,0.858030360550665
0.00573643410852715,0.855119274570168
0.00575193798449614,0.852232872532744
0.00576744186046513,0.849350055993381
0.00578294573643412,0.846467255197888
0.00579844961240312,0.843566591860713
0.00581395348837211,0.840640961847989
0.0058294573643411,0.837677812313681
0.00584496124031009,0.834661005856458
0.00586046511627908,0.831580386392183
0.00587596899224807,0.828423132697706
0.00589147286821707,0.825180153516626
0.00590697674418606,0.821842682830621
0.00592248062015506,0.818403027493099
0.00593798449612404,0.814853589518298
0.00595348837209304,0.811187555038226
0.00596899224806203,0.807401721093732
0.00598449612403102,0.803490778668582
0.00600000000000002,0.799459374009524
0.006015503875969,0.795305006233466
0.006031007751938,0.791034899018878
0.00604651162790699,0.786652862783325
0.00606201550387598,0.782161147599039
0.00607751937984498,0.77756807646341
0.00609302325581396,0.772880036894075
0.00610852713178296,0.768111680136354
0.00612403100775195,0.76327128629819
0.00613953488372095,0.758378152530986
0.00615503875968994,0.753443774109474
0.00617054263565893,0.748476893853317
0.00618604651162792,0.743491816176024
0.00620155038759691,0.738501267514355
0.00621705426356591,0.733523332752746
0.0062325581395349,0.7285668667544
0.00624806201550389,0.723651184535785
0.00626356589147288,0.718781799307833
0.00627906976744187,0.713974867096277
0.00629457364341087,0.709238755460304
0.00631007751937986,0.704575243715214
0.00632558139534886,0.699997859834048
0.00634108527131784,0.695509228129844
0.00635658914728683,0.691118133738897
0.00637209302325583,0.686822451275433
0.00638759689922482,0.682623527983516
0.00640310077519382,0.678518967043473
0.00641860465116281,0.674505533550928
0.00643410852713179,0.670577176513627
0.00644961240310079,0.666723102401698
0.00646511627906978,0.662942419759531
0.00648062015503878,0.659223025839909
0.00649612403100777,0.655555202969735
0.00651162790697675,0.651922091669515
0.00652713178294575,0.648313846217952
0.00654263565891474,0.644718440027429
0.00655813953488374,0.641116370172114
0.00657364341085273,0.637500076914493
0.00658914728682171,0.633846244802672
0.00660465116279071,0.630149225369704
0.0066201550387597,0.626392201963634
0.0066356589147287,0.622560709827161
0.00665116279069769,0.618649328889701
0.00666666666666669,0.614635710112121
0.00668217054263567,0.6105225022513
0.00669767441860466,0.606293711967493
0.00671317829457366,0.601946344268319
0.00672868217054265,0.597475046128736
0.00674418604651165,0.592874364515305
0.00675968992248064,0.588138779880502
0.00677519379844962,0.583267208627524
0.00679069767441862,0.578266908138956
0.00680620155038761,0.573140858521338
0.00682170542635661,0.567895114162121
0.0068372093023256,0.562534576726402
0.00685271317829459,0.557063422216769
0.00686821705426358,0.551497311423435
0.00688372093023257,0.545844841085515
0.00689922480620157,0.540113444124758
0.00691472868217056,0.534323883353538
0.00693023255813956,0.528480875842565
0.00694573643410854,0.522599597767048
0.00696124031007753,0.516696187198962
0.00697674418604653,0.510786368212094
0.00699224806201552,0.50488511248823
0.00700775193798452,0.499002446895233
0.0070232558139535,0.493157763641199
0.0070387596899225,0.487357799442199
0.00705426356589149,0.481617202981888
0.00706976744186048,0.475945714854316
0.00708527131782948,0.470352883465003
0.00710077519379847,0.464845397472865
0.00711627906976746,0.459432256400502
0.00713178294573645,0.454119838475388
0.00714728682170544,0.448910162521645
0.00716279069767444,0.443809688892047
0.00717829457364343,0.438815269949864
0.00719379844961242,0.433926199359243
0.00720930232558141,0.429142540763197
0.0072248062015504,0.424457285921517
0.0072403100775194,0.419866531526387
0.00725581395348839,0.415359556965761
0.00727131782945738,0.41093123513649
0.00728682170542637,0.406562874728235
0.00730232558139537,0.402248313174151
0.00731782945736436,0.397974131500048
0.00733333333333335,0.393728379118427
0.00734883720930234,0.389494565302382
0.00736434108527133,0.385261780784413
0.00737984496124033,0.381006234651237
0.00739534883720932,0.376713729072767
0.00741085271317831,0.372369021920267
0.00742635658914731,0.367956495435584
0.00744186046511629,0.363459242264868
0.00745736434108529,0.358865764568592
0.00747286821705428,0.354159147279882
0.00748837209302328,0.34932540884589
0.00750387596899227,0.344353847648745
0.00751937984496126,0.339231418675762
0.00753488372093025,0.33395075613232
0.00755038759689924,0.328504405328203
0.00756589147286824,0.322882844221366
0.00758139534883723,0.31708912598234
0.00759689922480622,0.311117157479773
0.00761240310077521,0.304973584529102
0.0076279069767442,0.298657682384641
0.0076434108527132,0.292171285245937
0.00765891472868219,0.28552190941458
0.00767441860465118,0.27871825146971
0.00768992248062017,0.271769805305033
0.00770542635658916,0.264693530441882
0.00772093023255816,0.257500291844785
0.00773643410852715,0.250208942575862
0.00775193798449614,0.242829626081694
0.00776744186046513,0.235387748622678
0.00778294573643412,0.22789593742218
0.00779844961240312,0.2203779529557
0.00781395348837211,0.212852671286533
0.00782945736434111,0.205340985659117
0.0078449612403101,0.197859433586858
0.00786046511627908,0.190425677470673
0.00787596899224808,0.183057126950304
0.00789147286821707,0.175768951968117
0.00790697674418606,0.168576627256756
0.00792248062015506,0.161492218696247
0.00793798449612404,0.154534433212473
0.00795348837209304,0.147708020215691
0.00796899224806203,0.141018379074615
0.00798449612403103,0.134464229659853
0.00800000000000002,0.128053582548884
0.00801550387596902,0.121782142242606
0.008031007751938,0.115649750375667
0.00804651162790699,0.109649301376722
0.00806201550387599,0.103776080317998
0.00807751937984498,0.0980145116760359
0.00809302325581398,0.0923564842624766
0.00810852713178297,0.0867880025750787
0.00812403100775195,0.0812915713933945
0.00813953488372095,0.0758567058414318
0.00815503875968994,0.0704610367064658
0.00817054263565894,0.0650876236958444
0.00818604651162793,0.0597193706733507
0.00820155038759691,0.054337706116257
0.00821705426356591,0.0489284975165874
0.0082325581395349,0.0434711962526432
0.0082480620155039,0.0379543581914488
0.00826356589147289,0.0323615592189426
0.00827906976744187,0.0266824495006029
0.00829457364341087,0.0209099848822515
0.00831007751937986,0.015036220671689
0.00832558139534886,0.00905829030921942
0.00834108527131785,0.00143816712857316
0.00835658914728685,-0.00484258435045341
0.00837209302325583,-0.0112085189866506
0.00838759689922482,-0.0176501644788364
0.00840310077519382,-0.0241622314251374
0.00841860465116281,-0.0307307858183254
0.0084341085271318,-0.0373420096380622
0.00844961240310079,-0.0439822490793382
0.00846511627906979,-0.0506299314499179
0.00848062015503878,-0.0572785632105734
0.00849612403100777,-0.0639032779614954
0.00851162790697677,-0.0704888379030635
0.00852713178294576,-0.0770183701581652
0.00854263565891475,-0.083469953069875
0.00855813953488374,-0.0898299392798437
0.00857364341085273,-0.0960755804901746
0.00858914728682173,-0.102195495187892
0.00860465116279072,-0.108172953019048
0.00862015503875971,-0.113999054443792
0.0086356589147287,-0.119662463133006
0.0086511627906977,-0.125154210652796
0.00866666666666669,-0.130467123264679
0.00868217054263568,-0.135596638351886
0.00869767441860467,-0.140543058159998
0.00871317829457366,-0.145309548677055
0.00872868217054266,-0.149899533271694
0.00874418604651165,-0.154320385887695
0.00875968992248064,-0.1585823922367
0.00877519379844964,-0.162693629827734
0.00879069767441862,-0.166669458740086
0.00880620155038762,-0.170524571489047
0.00882170542635661,-0.174279542006821
0.0088372093023256,-0.17795203999118
0.0088527131782946,-0.181559675374989
0.00886821705426358,-0.185129712334246
0.00888372093023258,-0.188679222606155
0.00889922480620157,-0.192237155240325
0.00891472868217056,-0.195814723138418
0.00893023255813956,-0.199437746556045
0.00894573643410854,-0.203132110516199
0.00896124031007754,-0.20691313659469
0.00897674418604653,-0.210797173359024
0.00899224806201553,-0.214805594774389
0.00900775193798452,-0.218950485321793
0.0090232558139535,-0.223247826936406
0.0090387596899225,-0.227706404584735
0.00905426356589149,-0.232330839838997
0.00906976744186049,-0.237131007703468
0.00908527131782948,-0.242106333736779
0.00910077519379847,-0.247262121811353
0.00911627906976746,-0.252595153810009
0.00913178294573645,-0.258102672587097
0.00914728682170545,-0.263778014823637
0.00916279069767444,-0.269609494138142
0.00917829457364343,-0.275588327012707
0.00919379844961242,-0.281699659630817
0.00920930232558142,-0.287931274949485
0.00922480620155041,-0.294266643960372
0.0092403100775194,-0.300687805722095
0.0092558139534884,-0.3071750982049
0.00927131782945739,-0.313710043744065
0.00928682170542638,-0.32027607157441
0.00930232558139537,-0.326850364579589
0.00931782945736436,-0.333417289714428
0.00933333333333336,-0.339959288532653
0.00934883720930235,-0.346457560394573
0.00936434108527134,-0.352898838851666
0.00937984496124033,-0.359268442125571
0.00939534883720932,-0.365549765130245
0.00941085271317832,-0.371732698581241
0.00942635658914731,-0.37780740985497
0.0094418604651163,-0.383765132704574
0.00945736434108529,-0.389600709407877
0.00947286821705428,-0.395310843310193
0.00948837209302328,-0.400893555736931
0.00950387596899227,-0.406346589881022
0.00951937984496127,-0.411668875935015
0.00953488372093026,-0.416873967400881
0.00955038759689924,-0.421958264576498
0.00956589147286824,-0.426935326442045
0.00958139534883723,-0.431808050152918
0.00959689922480623,-0.436585033280445
0.00961240310077521,-0.441282033545073
0.0096279069767442,-0.445906261476136
0.0096434108527132,-0.450467361586148
0.00965891472868219,-0.454984762938238
0.00967441860465119,-0.459461484616106
0.00968992248062018,-0.463915849675401
0.00970542635658917,-0.468356572314347
0.00972093023255816,-0.472795436209518
0.00973643410852715,-0.47723715679314
0.00975193798449615,-0.481695822475681
0.00976744186046514,-0.486175643230696
0.00978294573643413,-0.49068594137492
0.00979844961240312,-0.495229450539003
0.00981395348837211,-0.49981803411009
0.00982945736434111,-0.504443531949758
0.0098449612403101,-0.509123925135651
0.00986046511627909,-0.513850487444893
0.00987596899224808,-0.518623904059484
0.00989147286821708,-0.523443663488858
0.00990697674418607,-0.528304566533103
0.00992248062015506,-0.533205812708069
0.00993798449612406,-0.538142835148134
0.00995348837209304,-0.543113687195068
0.00996899224806204,-0.548112408743226
0.00998449612403103,-0.553134436047662
0.01,-0.558176722148132
0.010015503875969,-0.563231561737517
0.010031007751938,-0.568289446459142
0.010046511627907,-0.573350946770606
0.010062015503876,-0.578408720261094
0.010077519379845,-0.583463391731993
0.0100930232558139,-0.588508741503366
0.010108527131783,-0.593546136370285
0.0101240310077519,-0.598571867612209
0.010139534883721,-0.603583533879505
0.0101550387596899,-0.608582185088629
0.0101705426356589,-0.613557783481529
0.0101860465116279,-0.618523697875839
0.0102015503875969,-0.623481878403116
0.0102170542635659,-0.628428744532545
0.0102325581395349,-0.633373933522934
0.0102480620155039,-0.638318174408249
0.0102635658914729,-0.643257185285941
0.0102790697674419,-0.648202662947409
0.0102945736434109,-0.653152838443342
0.0103100775193798,-0.658109667000039
0.0103255813953489,-0.663079812109273
0.0103410852713178,-0.668065978726299
0.0103565891472869,-0.673066375907533
0.0103720930232558,-0.678087507120897
0.0103875968992249,-0.683122606311297
0.0104031007751938,-0.688179960074934
0.0104186046511629,-0.693253954735696
0.0104341085271318,-0.698344148924224
0.0104496124031008,-0.703450407409375
0.0104651162790698,-0.708567121129765
0.0104806201550388,-0.713688082365761
0.0104961240310078,-0.718811464206003
0.0105116279069767,-0.723927049524519
0.0105271317829458,-0.729038037082489
0.0105426356589147,-0.734135163446754
0.0105581395348838,-0.739210928035759
0.0105736434108527,-0.744257733428864
0.0105891472868217,-0.74927092080912
0.0106046511627907,-0.754241838540086
0.0106201550387597,-0.759161306519125
0.0106356589147287,-0.764026353501976
0.0106511627906977,-0.768828726126916
0.0106666666666667,-0.773565512975727
0.0106821705426357,-0.778227235257299
0.0106976744186047,-0.7828143837086
0.0107131782945737,-0.787323413034057
0.0107286821705426,-0.791750537908755
0.0107441860465117,-0.796093570051747
0.0107596899224806,-0.800353854318154
0.0107751937984497,-0.804528531751941
0.0107906976744186,-0.808620074824735
0.0108062015503877,-0.812631126421251
0.0108217054263566,-0.816562802695763
0.0108372093023256,-0.820420447075763
0.0108527131782946,-0.824208539591793
0.0108682170542636,-0.827931861080627
0.0108837209302326,-0.831592588403285
0.0108992248062016,-0.835193742699515
0.0109147286821706,-0.838749319935638
0.0109302325581395,-0.842258051263203
0.0109457364341086,-0.845731784065031
0.0109612403100775,-0.849174206376792
0.0109767441860465,-0.852591659737988
0.0109922480620155,-0.855986899275782
0.0110077519379845,-0.859361887015502
0.0110232558139535,-0.862723204619391
0.0110387596899225,-0.866072444179729
0.0110542635658915,-0.869417522471226
0.0110697674418605,-0.872757825537976
0.0110852713178295,-0.876091389961206
0.0111007751937985,-0.87942158521238
0.0111162790697674,-0.882739810044577
0.0111317829457365,-0.886049265044412
0.0111472868217054,-0.889350361276267
0.0111627906976745,-0.892637935109747
0.0111782945736434,-0.895908625490836
0.0111937984496125,-0.89915614445068
0.0112093023255814,-0.902372953464292
0.0112248062015505,-0.90555466168764
0.0112403100775194,-0.908694421039529
0.0112558139534884,-0.911783453950495
0.0112713178294574,-0.914819734267898
0.0112868217054264,-0.917794561502467
0.0113023255813954,-0.920705397682487
0.0113178294573644,-0.923542028879627
0.0113333333333334,-0.926301041836745
0.0113488372093023,-0.928973751844304
0.0113643410852713,-0.931556537843683
0.0113798449612403,-0.934042729592349
0.0113953488372093,-0.936424863758235
0.0114108527131783,-0.938707174917958
0.0114263565891473,-0.940886328957426
0.0114418604651163,-0.942959345319144
0.0114573643410853,-0.944925447851225
0.0114728682170543,-0.946781099737131
0.0114883720930233,-0.948529653303455
0.0115038759689922,-0.950171402737764
0.0115193798449613,-0.951709312052565
0.0115348837209302,-0.953149560739595
0.0115503875968993,-0.954490838756279
0.0115658914728682,-0.955738515211927
0.0115813953488373,-0.956894635447172
0.0115968992248062,-0.957966142544915
0.0116124031007753,-0.958961096966979
0.0116279069767442,-0.959882241619249
0.0116434108527132,-0.960738535536254
0.0116589147286822,-0.961532547274347
0.0116744186046512,-0.962275897874486
0.0116899224806202,-0.962973287302509
0.0117054263565892,-0.963628930572366
0.0117209302325582,-0.96425286854987
0.0117364341085272,-0.964844563450608
0.0117519379844961,-0.965415507856997
0.0117674418604651,-0.965966475176175
0.0117829457364341,-0.96650365371337
0.0117984496124031,-0.967035557011482
0.0118139534883721,-0.967565255145617
0.0118294573643411,-0.968097161843509
0.0118449612403101,-0.968630757687189
0.0118604651162791,-0.969168442985378
0.0118759689922481,-0.96971287890534
0.011891472868217,-0.970269236935444
0.0119069767441861,-0.970834452464872
0.011922480620155,-0.971409942293303
0.0119379844961241,-0.971996378243162
0.011953488372093,-0.972591365579981
0.0119689922480621,-0.973192506468074
0.011984496124031,-0.973803119523675
0.0120000000000001,-0.974417225847921
0.012015503875969,-0.975037845115813
0.012031007751938,-0.975660870564856
0.012046511627907,-0.976285076374328
0.012062015503876,-0.976908827915194
0.012077519379845,-0.977527391321371
0.012093023255814,-0.978138743331405
0.012108527131783,-0.97873550606775
0.012124031007752,-0.979319176392387
0.012139534883721,-0.979889302721744
0.01215503875969,-0.980443256756467
0.0121705426356589,-0.980983055086024
0.0121860465116279,-0.981503383497347
0.0122015503875969,-0.982004300565922
0.0122170542635659,-0.982480775423826
0.0122325581395349,-0.982931351257747
0.0122480620155039,-0.983359134376581
0.0122635658914729,-0.983764068300159
0.0122790697674419,-0.984147384042371
0.0122945736434109,-0.984507694000379
0.0123100775193798,-0.984847214936529
0.0123255813953489,-0.98516245314167
0.0123410852713178,-0.985455349926319
0.0123565891472869,-0.985731736414473
0.0123720930232558,-0.985988174467093
0.0123875968992249,-0.986227962938808
0.0124031007751938,-0.98645488266141
0.0124186046511628,-0.986672510665184
0.0124341085271318,-0.986881986384758
0.0124496124031008,-0.987077372919792
0.0124651162790698,-0.987267897581676
0.0124806201550388,-0.987448943069276
0.0124961240310078,-0.98762322926986
0.0125116279069768,-0.987795767046639
0.0125271317829458,-0.987965451201337
0.0125426356589148,-0.988134461426674
0.0125581395348837,-0.988299365340732
0.0125736434108528,-0.988464405260393
0.0125891472868217,-0.988626011447481
0.0126046511627907,-0.988787886976724
0.0126201550387597,-0.988945381438944
0.0126356589147287,-0.98910517048418
0.0126511627906977,-0.989263027555552
0.0126666666666667,-0.989418226507497
0.0126821705426357,-0.989570686254423
0.0126976744186046,-0.989719603670367
0.0127131782945737,-0.989860458379806
0.0127286821705426,-0.98999582828714
0.0127441860465117,-0.990127540902265
0.0127596899224806,-0.990254391318808
0.0127751937984497,-0.990377287976223
0.0127906976744186,-0.990489425509222
0.0128062015503877,-0.990596894243238
0.0128217054263566,-0.990695291642561
0.0128372093023256,-0.990788998332655
0.0128527131782946,-0.990875794153112
0.0128682170542636,-0.990960427890546
0.0128837209302326,-0.991041732299126
0.0128992248062016,-0.991120776900938
0.0129147286821706,-0.991205694699522
0.0129302325581396,-0.991288559152592
0.0129457364341085,-0.991374646549064
0.0129612403100776,-0.991464787179954
0.0129767441860465,-0.991558910376624
0.0129922480620156,-0.991661394315201
0.0130077519379845,-0.991771130215684
0.0130232558139535,-0.99189286269545
0.0130387596899225,-0.99202018355473
0.0130542635658915,-0.99215537005907
0.0130697674418605,-0.992300881205412
0.0130852713178294,-0.992451281769156
0.0131007751937985,-0.992610222511824
0.0131162790697674,-0.992773092313846
0.0131317829457365,-0.992939750146301
0.0131472868217054,-0.993103392744775
0.0131627906976745,-0.993261741438609
0.0131782945736434,-0.993406536789367
0.0131937984496125,-0.993535562248038
0.0132093023255814,-0.993638025547762
0.0132248062015504,-0.993708955646831
0.0132403100775194,-0.993741232673738
0.0132558139534884,-0.993722616508392
0.0132713178294574,-0.993649510319642
0.0132868217054264,-0.993513671862063
0.0133023255813954,-0.993298841020571
0.0133178294573644,-0.993001443113306
0.0133333333333334,-0.992607449842175
0.0133488372093024,-0.992111895239125
0.0133643410852713,-0.991499336908962
0.0133798449612404,-0.990768900221007
0.0133953488372093,-0.989905930003242
0.0134108527131784,-0.988903032991163
0.0134263565891473,-0.987753698163981
0.0134418604651163,-0.98645089670077
0.0134573643410853,-0.984987736348798
0.0134728682170542,-0.983367104323889
0.0134883720930233,-0.981576591234243
0.0135038759689922,-0.979616337627465
0.0135193798449613,-0.977487482892477
0.0135348837209302,-0.9751867285173
0.0135503875968993,-0.972719895407843
0.0135658914728682,-0.97008771030761
0.0135813953488373,-0.967298351596903
0.0135968992248062,-0.964355788855837
0.0136124031007752,-0.961266509326454
0.0136279069767442,-0.95804109861016
0.0136434108527132,-0.954687396740951
0.0136589147286822,-0.951217736669179
0.0136744186046512,-0.94764305318419
0.0136899224806202,-0.943977739893199
0.0137054263565892,-0.940230043093168
0.0137209302325582,-0.936414868907639
0.0137364341085272,-0.932551114967917
0.0137519379844961,-0.928646842771301
0.0137674418604652,-0.924719176116151
0.0137829457364341,-0.920780457840831
0.0137984496124032,-0.916841674232171
0.0138139534883721,-0.912918631604515
0.0138294573643412,-0.909019620977772
0.0138449612403101,-0.905157520080316
0.0138604651162792,-0.90134536798315
0.0138759689922481,-0.897589206580098
0.013891472868217,-0.893895549883392
0.0139069767441861,-0.890274486726707
0.013922480620155,-0.886725178819729
0.0139379844961241,-0.88325269184466
0.013953488372093,-0.879857416959418
0.0139689922480621,-0.876540177083794
0.013984496124031,-0.873295644897541
0.014,-0.870123129582962
0.014015503875969,-0.86701629468901
0.014031007751938,-0.863969724290893
0.014046511627907,-0.860978072912312
0.014062015503876,-0.858030360550665
0.014077519379845,-0.855119274570168
0.014093023255814,-0.852232872532744
0.014108527131783,-0.849350055993381
0.014124031007752,-0.846467255197888
0.0141395348837209,-0.843566591860713
0.01415503875969,-0.840640961847989
0.0141705426356589,-0.837677812313681
0.014186046511628,-0.834661005856458
0.0142015503875969,-0.831580386392183
0.014217054263566,-0.828423132697706
0.0142325581395349,-0.825180153516626
0.014248062015504,-0.821842682830621
0.0142635658914729,-0.818403027493099
0.0142790697674418,-0.814853589518298
0.0142945736434109,-0.811187555038226
0.0143100775193798,-0.807401721093732
0.0143255813953489,-0.803490778668582
0.0143410852713178,-0.799459374009524
0.0143565891472869,-0.795305006233466
0.0143720930232558,-0.791034899018878
0.0143875968992249,-0.786652862783325
0.0144031007751938,-0.782161147599039
0.0144186046511628,-0.77756807646341
0.0144341085271318,-0.772880036894075
0.0144496124031008,-0.768111680136354
0.0144651162790698,-0.76327128629819
0.0144806201550388,-0.758378152530986
0.0144961240310078,-0.753443774109474
0.0145116279069768,-0.748476893853317
0.0145271317829457,-0.743491816176024
0.0145426356589148,-0.738501267514355
0.0145581395348837,-0.733523332752746
0.0145736434108528,-0.7285668667544
0.0145891472868217,-0.723651184535785
0.0146046511627908,-0.718781799307833
0.0146201550387597,-0.713974867096277
0.0146356589147288,-0.709238755460304
0.0146511627906977,-0.704575243715214
0.0146666666666667,-0.699997859834048
0.0146821705426357,-0.695509228129844
0.0146976744186046,-0.691118133738897
0.0147131782945737,-0.686822451275433
0.0147286821705426,-0.682623527983516
0.0147441860465117,-0.678518967043473
0.0147596899224806,-0.674505533550928
0.0147751937984497,-0.670577176513627
0.0147906976744186,-0.666723102401698
0.0148062015503876,-0.662942419759531
0.0148217054263566,-0.659223025839909
0.0148372093023256,-0.655555202969735
0.0148527131782946,-0.651922091669515
0.0148682170542636,-0.648313846217952
0.0148837209302326,-0.644718440027429
0.0148992248062016,-0.641116370172114
0.0149147286821706,-0.637500076914493
0.0149302325581396,-0.633846244802672
0.0149457364341085,-0.630149225369704
0.0149612403100776,-0.626392201963634
0.0149767441860465,-0.622560709827161
0.0149922480620156,-0.618649328889701
0.0150077519379845,-0.614635710112121
0.0150232558139536,-0.6105225022513
0.0150387596899225,-0.606293711967493
0.0150542635658915,-0.601946344268319
0.0150697674418605,-0.597475046128736
0.0150852713178295,-0.592874364515305
0.0151007751937985,-0.588138779880502
0.0151162790697675,-0.583267208627524
0.0151317829457365,-0.578266908138956
0.0151472868217054,-0.573140858521338
0.0151627906976745,-0.567895114162121
0.0151782945736434,-0.562534576726402
0.0151937984496124,-0.557063422216769
0.0152093023255814,-0.551497311423435
0.0152248062015504,-0.545844841085515
0.0152403100775194,-0.540113444124758
0.0152558139534884,-0.534323883353538
0.0152713178294574,-0.528480875842565
0.0152868217054264,-0.522599597767048
0.0153023255813954,-0.516696187198962
0.0153178294573644,-0.510786368212094
0.0153333333333333,-0.50488511248823
0.0153488372093024,-0.499002446895233
0.0153643410852713,-0.493157763641199
0.0153798449612404,-0.487357799442199
0.0153953488372093,-0.481617202981888
0.0154108527131784,-0.475945714854316
0.0154263565891473,-0.470352883465003
0.0154418604651164,-0.464845397472865
0.0154573643410853,-0.459432256400502
0.0154728682170543,-0.454119838475388
0.0154883720930233,-0.448910162521645
0.0155038759689923,-0.443809688892047
0.0155193798449613,-0.438815269949864
0.0155348837209303,-0.433926199359243
0.0155503875968993,-0.429142540763197
0.0155658914728682,-0.424457285921517
0.0155813953488373,-0.419866531526387
0.0155968992248062,-0.415359556965761
0.0156124031007752,-0.41093123513649
0.0156279069767442,-0.406562874728235
0.0156434108527132,-0.402248313174151
0.0156589147286822,-0.397974131500048
0.0156744186046512,-0.393728379118427
0.0156899224806202,-0.389494565302382
0.0157054263565892,-0.385261780784413
0.0157209302325581,-0.381006234651237
0.0157364341085272,-0.376713729072767
0.0157519379844961,-0.372369021920267
0.0157674418604652,-0.367956495435584
0.0157829457364341,-0.363459242264868
0.0157984496124032,-0.358865764568592
0.0158139534883721,-0.354159147279882
0.0158294573643412,-0.34932540884589
0.0158449612403101,-0.344353847648745
0.0158604651162791,-0.339231418675762
0.0158759689922481,-0.33395075613232
0.0158914728682171,-0.328504405328203
0.0159069767441861,-0.322882844221366
0.0159224806201551,-0.31708912598234
0.0159379844961241,-0.311117157479773
0.015953488372093,-0.304973584529102
0.0159689922480621,-0.298657682384641
0.015984496124031,-0.292171285245937
0.016,-0.28552190941458
0.016015503875969,-0.27871825146971
0.016031007751938,-0.271769805305033
0.016046511627907,-0.264693530441882
0.016062015503876,-0.257500291844785
0.016077519379845,-0.250208942575862
0.016093023255814,-0.242829626081694
0.016108527131783,-0.235387748622678
0.016124031007752,-0.22789593742218
0.0161395348837209,-0.2203779529557
0.01615503875969,-0.212852671286533
0.0161705426356589,-0.205340985659117
0.016186046511628,-0.197859433586858
0.0162015503875969,-0.190425677470673
0.016217054263566,-0.183057126950304
0.0162325581395349,-0.175768951968117
0.0162480620155039,-0.168576627256756
0.0162635658914729,-0.161492218696247
0.0162790697674419,-0.154534433212473
0.0162945736434109,-0.147708020215691
0.0163100775193799,-0.141018379074615
0.0163255813953489,-0.134464229659853
0.0163410852713179,-0.128053582548884
0.0163565891472869,-0.121782142242606
0.0163720930232559,-0.115649750375667
0.0163875968992248,-0.109649301376722
0.0164031007751938,-0.103776080317998
0.0164186046511628,-0.0980145116760359
0.0164341085271318,-0.0923564842624766
0.0164496124031008,-0.0867880025750787
0.0164651162790698,-0.0812915713933945
0.0164806201550388,-0.0758567058414318
0.0164961240310078,-0.0704610367064658
0.0165116279069768,-0.0650876236958444
0.0165271317829457,-0.0597193706733507
0.0165426356589148,-0.054337706116257
0.0165581395348837,-0.0489284975165874
0.0165736434108528,-0.0434711962526432
0.0165891472868217,-0.0379543581914488
0.0166046511627908,-0.0323615592189426
0.0166201550387597,-0.0266824495006029
0.0166356589147288,-0.0209099848822515
0.0166511627906977,-0.015036220671689
0.0166666666666667,0
